98.00759
97.96085
98.33221
97.86141
98.62985
98.10906
98.1437
98.69282
98.26746
98.92071
98.59027
99.38441
98.84187
98.3552
99.00072
98.3696
99.03964
98.86883
98.23969
98.72158
97.58541
98.74054
98.37424
98.9194
98.37272
98.23713
99.315
98.48981
98.58905
98.47005
99.02632
98.38513
99.19516
98.81756
98.54791
98.48282
98.03545
97.92607
99.34391
98.05463
97.93151
99.0948
99.01263
98.74277
98.46727
98.25661
98.96389
98.40688
98.01473
99.3644
98.83557
98.44421
98.68965
98.56881
98.05738
98.6851
98.46125
98.94025
99.07798
98.11945
99.23004
97.68367
97.59236
98.76485
98.62734
98.39182
98.52336
98.88601
99.27686
98.31239
98.28098
97.87957
99.70319
98.34954
99.25069
98.1744
98.49361
98.91166
99.26273
98.62949
98.89769
97.88619
98.69588
98.48792
98.85342
98.97317
98.15375
98.81976
98.09371
99.20063
97.96331
98.68742
99.11404
98.55386
99.607
98.2569
98.40202
97.87757
99.308
98.86733
98.40488
98.78595
98.37856
98.25511
98.04134
98.22837
98.35853
99.1935
98.72749
98.80912
99.44592
98.11962
99.09328
97.64842
98.74787
98.02119
98.28575
99.3405
98.65808
98.64232
